  Built-in Rhythms:
001     04 1F
002     07 0B
003     09 0D
004     07 22
005     06 0B
006     07 00
007     0B 0D
008     0B 21
009     04 0C
010     02 17
011     01 07
012     05 38
013     06 12
014     02 35
015     03 0D
016     02 2D
017     00 39
018     01 05
019     02 05
020     00 0E
021     04 3A
022     0A 02
023     00 00
024     09 02
025     00 02
026     03 59
027     00 04
028     07 0C
029     05 0C
030     07 0D
031     00 0B
032     01 0D
033     06 0C
034     08 0D
035     01 37
036     02 08
037     03 08
038     06 0D
039     06 3A
040     03 38
041     02 2E
042     03 38
043     03 18
044     04 17
045     03 0B
046     03 29
047     03 35
048     00 05
049     01 06
050     05 18
051     03 3A
052     03 3B
053     05 3A
054     00 3B
055     0A 0D
056     08 0C
057     0A 21
058     08 1A
059     05 22
060     03 23
061     02 23
062     06 22
063     05 21
064     00 1A
065     01 22
066     00 22
067     01 1D
068     00 24
069     02 25
070     05 3E
071     04 3E
072     03 2F
073     04 3F
074     04 40
075     06 3D
076     05 3D
077     03 40
078     00 40
079     02 40
080     06 62
081     01 3E
082     02 3E
083     00 30
084     06 31
085     07 31
086     0D 30
087     0E 30
088     0F 30
089     02 31
090     00 46
091     03 48
092     04 49
093     01 49
094     0D 4A
095     0A 4A
096     04 4A
097     00 4B
098     02 4B
099     04 4C
100     00 4D
101     01 4D
102     06 4D
103     07 4D
104     01 4C
105     02 4D
106     02 4C
107     03 4C
108     00 4E
109     03 4E
110     02 4E
111     00 4F
112     00 47
113     01 51
114     00 1F
115     00 55
116     02 55
117     06 4B
118     03 58
119     04 58
120     05 55
121     02 56
122     04 4B
123     03 43
124     04 43
125     04 30
126     04 55
127     08 55
128     01 55
129     01 58
130     01 57
131     00 2A
132     00 43
133     01 43
134     01 4F
135     00 52
136     01 5D
137     03 25
138     03 31
139     00 5D
140     01 50
141     00 50
142     03 2E
143     02 5C
144     01 5F
145     09 61
146     04 5F
147     00 60
148     00 62
149     00 51
150     03 1F
151     01 52
152     00 19
153     00 63
154     00 0F
155     00 64
156     00 53
157     00 10
158     04 62
159     00 6E
160     03 6E
161     01 0F
162     06 18
163     00 65
164     05 15
165     00 44
166     00 66
167     00 67
168     00 0A
169     00 68
170     01 65
171     02 65
172     00 34
173     00 69
174     00 6A
175     00 20
176     01 66
177     04 0D
178     0B 4A
179     07 4C
180     03 02
181     04 18
182     05 02
183     05 30
184     08 00
185     04 29
186     00 09
187     00 16
188     02 59
189     01 5B
190     01 2C
191     00 5B
192     00 41
193     02 2F
194     00 42
195     01 46
196     00 45
197     02 45
198     05 11
199     09 0C
200     07 12
201     03 12
202     04 12
203     08 12
204     02 1D
205     00 13
206     00 14
207     00 15
208     00 33
209     01 17
210     02 18
211     00 17
212     03 11
213     00 07
214     05 12
215     03 17
216     01 15
217     06 15
218     02 15
219     00 11
220     01 11
221     01 2E
222     01 3F
223     02 3F
224     00 6B
225     02 3A
226     00 3C
227     00 6D
228     01 6D
229     02 6D
230     01 48
231     01 6C
232     00 6C
233     00 32
234     01 32
235     02 32
236     09 00
237     05 08
238     04 08
239     0C 0D
240     03 1D
241     0D 0D
242     01 0B
243     0A 0C
244     08 0B
245     02 0D
246     06 38
247     07 3A
248     04 3B
249     03 06
250     0A 17
251     0B 17
252     07 15
253     02 12
254     04 1D
255     0F 18
256     08 22
257     09 1A
258     00 21
259     09 22
260     01 25
261     00 23
262     05 40
263     01 6B
264     03 3F
265     04 3D
266     03 3D
267     04 2F
268     00 2F
269     13 30
270     08 31
271     09 31
272     10 30
273     12 30
274     11 30
275     04 48
276     05 49
277     06 49
278     00 48
279     00 49
280     05 48
281     07 43
282     08 43
283     00 4A
284     07 4B
285     08 4B
286     08 4C
287     09 4C
288     09 4D
289     01 47
290     02 46
291     03 5B
292     02 5B
293     02 2C

  User Rhythms:
294     00 80
295     00 81
296     00 82
297     00 83
298     00 84
299     00 85
300     00 86
301     00 87
302     00 88
303     00 89
304     00 8A
305     00 8B
306     00 8C
307     00 8D
308     00 8E
309     00 8F
310     00 90
311     00 91
312     00 92
313     00 93
314     00 94
315     00 95
316     00 96
317     00 97
318     00 98
319     00 99
320     00 9A
321     00 9B
322     00 9C
323     00 9D
324     00 9E
325     00 9F
326     00 A0
327     00 A1
328     00 A2
329     00 A3
330     00 A4
331     00 A5
332     00 A6
333     00 A7
334     00 A8
335     00 A9
336     00 AA
337     00 AB
338     00 AC
339     00 AD
340     00 AE
341     00 AF
342     00 B0
343     00 B1
